%YAML:1.0

# yaml文件中，tab是不允许在数据中出现的
use_dataset: true
dataset_path: "/media/cm/ExtCaoMing/datasets/raw_dataset/2011_09_26/2011_09_26_drive_0001"

img_cols: 1242
img_rows: 375

velo2cam_R: !!opencv-matrix
   rows: 3
   cols: 3
   dt: d
   data: [ 7.5337449999999997e-03, -9.9997139999999995e-01,
       -6.1660199999999995e-04, 1.4802490000000000e-02,
       7.2807329999999997e-04, -9.9989019999999995e-01,
       9.9986209999999998e-01, 7.5237899999999998e-03,
       1.4807549999999999e-02 ]

velo2cam_t: !!opencv-matrix
   rows: 3
   cols: 1
   dt: d
   data: [ -3.5216654599999997e-01, 6.9341383474099256e-310,
       1.8280428896126122e-322 ]

rect_R: !!opencv-matrix
   rows: 4
   cols: 4
   dt: d
   data: [9.999239e-01, 9.837760e-03, -7.445048e-03, 0,
     -9.869795e-03, 9.999421e-01, -4.278459e-03, 0,
     7.402527e-03, 4.351614e-03, 9.999631e-01, 0,
     0, 0, 0, 1]
       
cam_proj: !!opencv-matrix
   rows: 3
   cols: 4
   dt: d
   data: [ 7.215377e+02, 0.000000e+00, 6.095593e+02,
         0.000000e+00, 0.000000e+00, 7.215377e+02,
         1.728540e+02, 0.000000e+00, 0.000000e+00,
         0.000000e+00, 1.000000e+00, 0.000000e+00]
