%YAML:1.0

# yaml文件中，tab是不允许在数据中出现的
use_dataset: true
dataset_path: "/media/cm/ExtCaoMing/datasets/raw_dataset/2011_09_26/2011_09_26_drive_0001"

img_cols: 1280
img_rows: 1024

velo2cam: !!opencv-matrix
   rows: 4
   cols: 4
   dt: d
   data: [0.0443473, -0.998957, 0.0108723, -0.16487, -0.0566353, -0.0133795, -0.998305, -0.00636259, 0.99741, 0.0436564, -0.0571695, -0.11176, 0.0, 0.0, 0.0, 1]

# velo2cam_t: !!opencv-matrix
#    rows: 3
#    cols: 1
#    dt: d
#    data: [ -3.5216654599999997e-01, 6.9341383474099256e-310,
#        1.8280428896126122e-322 ]

# rect_R: !!opencv-matrix
#    rows: 4
#    cols: 4
#    dt: d
#    data: [9.999239e-01, 9.837760e-03, -7.445048e-03, 0,
#      -9.869795e-03, 9.999421e-01, -4.278459e-03, 0,
#      7.402527e-03, 4.351614e-03, 9.999631e-01, 0,
   #   0, 0, 0, 1]
       
# cam_proj: !!opencv-matrix
#    rows: 3
#    cols: 4
#    dt: d
#    data: [ 7.215377e+02, 0.000000e+00, 6.095593e+02,
#          0.000000e+00, 0.000000e+00, 7.215377e+02,
#          1.728540e+02, 0.000000e+00, 0.000000e+00,
#          0.000000e+00, 1.000000e+00, 0.000000e+00]

cam_intrins: !!opencv-matrix
   rows: 3
   cols: 3
   dt: d
   data: [1709.163406, 0.000000, 622.365608, 0.000000, 1710.142290, 510.444884, 0.000000, 0.000000, 1.000000]

