intrinsic:
1648.2 0 0
0 1649.8 0
642.9731 504.0936 1

RadiaDistortion 
-0.0961 -0.3640